 300.00000  700.57486   20.00000
 480.00000  733.35874    5.98082
 570.00000  716.81643    8.27940
 825.00000  733.78958    7.63559
1150.00000  724.97802    6.42722
2015.00000  731.79403    6.41256
3120.00000  724.73202    7.53371
3570.00000  734.77151    7.18367
8280.00000  741.68445    6.51953
17940.00000  756.91418    4.88734
19740.00000  760.77747    7.11893
34440.00000  799.48744    7.63680
48910.00000  831.37663    8.54590
60300.00000  828.06538    6.41150
78180.00000  853.21564    6.90478
91920.00000  882.73335    7.16603
103110.00000  873.26451    7.87723
132050.00000  911.08127    9.78784
171270.00000  920.87765    6.89730
187320.00000  930.74231    7.18831
204430.00000  929.96430    7.39607
258990.00000  933.83405    6.00483
301501.00000  952.70111    5.19366
339270.00000  950.36729    6.14008
361350.00000  960.15788    5.70010
398600.00000  959.46995    5.86943
453600.00000  960.00091    9.01365
512300.00000  964.91288    7.12744
558460.00000  954.16527    8.90982
599010.00000  959.26740    6.28524
