10 10 10 10 10 10
10 10 20 10 10 10
80 70 90 20 80 30
20 100 100 10 80 30
80 85 100 90 95 90
80 60 100 50 80 60
80 60 100 50 80 60
90 1 40 1 100 1
61% 33% 100% 0% 97% 25%
50 20 100 20 80 80
50 60 60 5 5 5
50% 75% 80% 50% 0% 0%
5 30 100 90 60 40
50 1 90 1 20 10
80 0,1 100 0,1 90 70
80% 60% 100% 40% 10% 10%
30 1 100 1 100 10
100 80 100 10 100 10
80 60 100 10 50 50
100 50 100 50 50 50
20 50 100 90 80 70
80 1 80 1 50 30
90 10 60 50 70 40
60 30 70 70 40 50
100 10 50 10 60 10
50 10 70 10 40 40
100 20 100 80 80 50
10 1 100 40 100 1
